image: gazebo_control_lab.pgm
resolution: 0.050000
origin: [-28.200000, -25.000000, 0.000000]
negate: 0
occupied_thresh: 0.65
free_thresh: 0.196

